602.gcc_s-2226B     29990     32743      2156        11         0         0         0         0         0         0         0         0         0
605.mcf_s-1152B    126896     93742     57471      9243       105         0         0         0         0         0         0         0         0
605.mcf_s-1536B      9427      8809      2490       135         8         0         0         0         0         0         0         0         0
605.mcf_s-1554B   1774059    969706    740123    119112      2545       623        94         0         0         0         0         0         0
605.mcf_s-472B    611716    287055    334178     57213      1819       127         5         0         0         0         0         0         0
605.mcf_s-782B    693520    483990    327993     60488      1099        24         7         0         0         0         0         0         0
607.cactuBSSN_s-2421B         3         3         2         0         0         0         0         0         0         0         0         0         0
607.cactuBSSN_s-3477B         0         0         0         0         0         0         0         0         0         0         0         0         0
619.lbm_s-2676B     26947      7719      4457      9921      3965      1596      1544        20         0         0         0         0         0
619.lbm_s-2677B     37350      9863      6046     14013      5614      2246      2074        20         0         0         0         0         0
