602.gcc_s-2226B       255       277        22         0         0         0         0         0         0         0         0         0         0
605.mcf_s-1152B      4295      2989      1275       137         3         0         0         0         0         0         0         0         0
605.mcf_s-1536B         0         0         0         0         0         0         0         0         0         0         0         0         0
605.mcf_s-1554B       232       111        95        26         0         0         0         0         0         0         0         0         0
605.mcf_s-472B       241       144        80        18         1         0         0         0         0         0         0         0         0
605.mcf_s-782B     30417     19339      9926      1638        38         8         1         0         0         0         0         0         0
607.cactuBSSN_s-2421B        63        62         1         0         0         0         0         0         0         0         0         0         0
607.cactuBSSN_s-3477B         1         1         0         0         0         0         0         0         0         0         0         0         0
619.lbm_s-2676B      9280      1303      2026      2905      1698       652       685        11         0         0         0         0         0
619.lbm_s-2677B     13285      1831      2931      4294      2381       899       938        11         0         0         0         0         0
